f8-1;0.03;62;63;1
f8-2;0.03;71;62;1
f8-3;0.04;59;127;2
f8-4;0.03;68;129;2
f8-5;0.04;153;77;4
f8-6;0.02;165;77;4
f8-7;0.03;164;126;5
f8-8;0.04;151;187;6
f8-9;0.04;256;193;11
f8-10;0.02;264;193;11
f8-11;0.02;209;73;7
f8-12;0.02;256;78;9
f8-13;0.02;261;70;9
f8-14;0.03;314;69;12
f8-15;0.03;319;70;12
f8-16;0.04;311;192;14
f8-17;0.02;309;146;13
f8-18;0.03;369;197;16
f8-19;0.03;327;237;59
f8-20;0.03;389;142;15
f8-21;0.03;381;131;15
f8-22;0.03;581;60;20
f8-23;0.03;566;186;22
f8-24;0.03;570;190;22
f8-25;0.03;642;65;23
f8-26;0.03;624;80;23
f8-27;0.02;623;195;25
f8-28;0.03;638;180;25
f8-29;0.04;620;144;24
f8-30;0.03;699;69;26
f8-31;0.04;702;191;28
f8-32;0.02;637;226;73
f8-33;0.02;625;226;73
f8-34;0.02;844;63;29
f8-35;0.02;840;132;30
f8-36;0.04;841;134;30
f8-37;0.03;827;180;31
f8-38;0.04;831;190;31
f8-39;0.02;936;180;36
f8-40;0.04;947;147;35
f8-41;0.03;1003;61;37
f8-42;0.02;1061;135;41
f8-43;0.02;1062;129;41
f8-44;0.04;1096;197;44
f8-45;0.02;1116;129;43
f8-46;0.03;1111;147;43
f8-47;0.03;1181;147;46
f8-48;0.02;1196;134;46
f8-49;0.04;1182;188;47
f8-50;0.02;78;228;48
f8-51;0.04;65;304;49
f8-52;0.02;153;309;52
f8-53;0.03;149;372;53
f8-54;0.04;64;425;102
f8-55;0.04;272;365;58
f8-56;0.02;272;370;58
f8-57;0.04;153;411;105
f8-58;0.03;215;234;54
f8-59;0.03;218;295;55
f8-60;0.04;256;233;56
f8-61;0.03;315;372;61
f8-62;0.04;320;355;61
f8-63;0.04;379;233;62
f8-64;0.03;373;246;62
f8-65;0.03;371;367;64
f8-66;0.04;370;356;64
f8-67;0.02;326;420;113
f8-68;0.04;312;427;113
f8-69;0.02;476;307;66
f8-70;0.02;370;410;116
f8-71;0.02;574;358;72
f8-72;0.04;462;424;118
f8-73;0.04;455;415;118
f8-74;0.02;529;242;68
f8-75;0.02;528;308;69
f8-76;0.04;520;291;69
f8-77;0.04;571;306;71
f8-78;0.02;624;362;75
f8-79;0.03;575;423;121
f8-80;0.04;574;424;121
f8-81;0.02;683;368;78
f8-82;0.04;701;360;78
f8-83;0.04;698;300;77
f8-84;0.03;694;291;77
f8-85;0.03;786;307;80
f8-86;0.04;771;290;80
f8-87;0.04;776;359;81
f8-88;0.04;788;355;81
f8-89;0.04;692;424;127
f8-90;0.04;698;415;127
f8-91;0.04;844;352;84
f8-92;0.03;839;307;83
f8-93;0.04;829;311;83
f8-94;0.02;893;310;86
f8-95;0.02;876;371;87
f8-96;0.04;837;415;131
f8-97;0.03;837;409;131
f8-98;0.03;887;415;134
f8-99;0.03;948;291;89
f8-100;0.03;997;246;91
f8-101;0.04;996;225;91
f8-102;0.02;1011;358;93
f8-103;0.02;1001;365;93
f8-104;0.04;1052;228;94
f8-105;0.04;1102;351;98
f8-106;0.03;1113;372;98
f8-107;0.03;1006;418;139
f8-108;0.04;1098;301;97
f8-109;0.04;1187;234;99
f8-110;0.03;1185;247;99
f8-111;0.04;1187;312;100
f8-112;0.03;1191;309;100
f8-113;0.04;78;492;103
f8-114;0.03;156;525;107
f8-115;0.04;64;574;150
f8-116;0.03;154;588;152
f8-117;0.02;199;474;109
f8-118;0.02;215;480;109
f8-119;0.02;264;484;111
f8-120;0.03;250;491;111
f8-121;0.03;328;485;114
f8-122;0.02;312;480;114
f8-123;0.04;265;582;156
f8-124;0.04;251;581;156
f8-125;0.02;315;596;158
f8-126;0.02;327;588;158
f8-127;0.03;471;476;119
f8-128;0.03;577;537;123
f8-129;0.02;455;576;162
f8-130;0.04;630;481;125
f8-131;0.04;622;495;125
f8-132;0.03;632;528;126
f8-133;0.03;579;582;166
f8-134;0.02;561;591;166
f8-135;0.02;679;537;129
f8-136;0.04;623;585;168
f8-137;0.03;701;492;128
f8-138;0.02;831;497;132
f8-139;0.02;783;539;130
f8-140;0.03;780;540;130
f8-141;0.03;846;536;133
f8-142;0.04;787;580;172
f8-143;0.02;775;592;172
f8-144;0.04;876;533;135
f8-145;0.04;828;590;174
f8-146;0.02;834;582;174
f8-147;0.04;933;476;137
f8-148;0.02;1007;485;140
f8-149;0.03;990;491;140
f8-150;0.03;1012;546;141
f8-151;0.04;994;528;141
f8-152;0.03;1059;425;142
f8-153;0.02;1060;418;142
f8-154;0.04;1097;538;146
f8-155;0.02;1003;597;180
f8-156;0.02;1000;577;180
f8-157;0.02;1104;497;145
f8-158;0.03;1112;495;145
f8-159;0.03;1181;475;148
f8-160;0.04;1189;494;148
f8-161;0.03;1095;596;184
f8-162;0.04;1195;579;186
f8-163;0.03;1179;590;186
f8-164;0.04;68;653;151
f8-165;0.04;145;640;153
f8-166;0.03;148;644;153
f8-167;0.02;312;660;159
f8-168;0.02;328;656;159
f8-169;0.02;380;577;160
f8-170;0.02;392;597;160
f8-171;0.02;388;650;161
f8-172;0.03;373;647;161
f8-173;0.04;470;641;163
f8-174;0.03;469;648;163
f8-175;0.04;519;576;164
f8-176;0.02;509;591;164
f8-177;0.04;517;646;165
f8-178;0.04;701;649;171
f8-179;0.04;680;640;171
f8-180;0.03;773;657;173
f8-181;0.04;783;651;173
f8-182;0.03;837;657;175
f8-183;0.04;830;646;175
f8-184;0.02;875;574;176
f8-185;0.04;897;579;176
f8-186;0.02;885;642;177
f8-187;0.04;945;642;179
f8-188;0.02;933;662;179
f8-189;0.02;996;647;181
f8-190;0.03;1056;583;182
f8-191;0.03;1057;639;183
f8-192;0.03;1116;654;185
f8-193;0.03;1200;648;187
f8-194;0.04;1182;659;187
f8-195;0.03;700;303;77
f8-196;0.02;638;412;124
f8-197;0.02;164;591;152
f8-198;0.03;1010;647;181
f8-199;0.02;257;483;111
f8-200;0.03;469;544;120
f8-201;0.02;1106;180;44
f8-202;0.02;77;488;103
f8-203;0.02;205;244;54
f8-204;0.02;680;659;171
f8-205;0.02;580;540;123
f8-206;0.03;316;189;14
f8-207;0.04;571;60;20
f8-208;0.02;1095;141;43
f8-209;0.02;681;595;170
f8-210;0.03;685;360;78
f8-211;0.02;951;474;137
f8-212;0.04;838;646;175
f8-213;0.03;781;300;80
f8-214;0.03;310;72;12
f8-215;0.02;326;124;13
f8-216;0.03;1107;225;96
f8-217;0.02;786;366;81
f8-218;0.04;79;643;151
f8-219;0.02;1041;238;94
f8-220;0.04;329;585;158
f8-221;0.04;783;585;172
f8-222;0.02;463;372;67
f8-223;0.02;630;410;124
f8-224;0.03;694;543;129
f8-225;0.04;569;130;21
f8-226;0.03;687;62;26
f8-227;0.02;776;247;79
f8-228;0.04;838;412;131
f8-229;0.02;696;488;128
f8-230;0.04;199;597;154
f8-231;0.03;326;233;59
f8-232;0.02;883;142;32
f8-233;0.02;582;476;122
f8-234;0.02;463;299;66
f8-235;0.04;328;421;113
f8-236;0.02;1097;421;144
f8-237;0.03;222;487;109
f8-238;0.02;1114;650;185
f8-239;0.04;991;294;92
f8-240;0.04;261;194;11
f8-241;0.03;63;236;48
f8-242;0.02;935;299;89
f8-243;0.04;637;531;126
f8-244;0.02;845;367;84
f8-245;0.02;939;481;137
f8-246;0.03;880;142;32
f8-247;0.03;771;359;81
f8-248;0.04;152;660;153
f8-249;0.04;153;68;4
f8-250;0.04;310;361;61
