f1-1;0.03;81;61;1
f1-2;0.02;64;124;2
f1-3;0.04;75;143;2
f1-4;0.03;79;187;3
f1-5;0.04;66;184;3
f1-6;0.03;149;146;5
f1-7;0.04;164;174;6
f1-8;0.04;156;182;6
f1-9;0.03;264;185;11
f1-10;0.02;151;227;51
f1-11;0.04;146;240;51
f1-12;0.03;202;64;7
f1-13;0.02;217;129;8
f1-14;0.02;217;138;8
f1-15;0.03;259;135;10
f1-16;0.03;316;179;14
f1-17;0.03;323;134;13
f1-18;0.04;385;188;16
f1-19;0.03;378;184;16
f1-20;0.02;317;237;59
f1-21;0.04;387;138;15
f1-22;0.03;387;138;15
f1-23;0.04;469;192;19
f1-24;0.03;566;141;21
f1-25;0.03;577;125;21
f1-26;0.03;633;138;24
f1-27;0.03;622;132;24
f1-28;0.03;700;75;26
f1-29;0.04;680;82;26
f1-30;0.04;701;174;28
f1-31;0.03;842;79;29
f1-32;0.02;827;62;29
f1-33;0.04;838;135;30
f1-34;0.02;832;147;30
f1-35;0.04;829;197;31
f1-36;0.03;832;179;31
f1-37;0.04;877;181;33
f1-38;0.02;882;189;33
f1-39;0.02;940;174;36
f1-40;0.02;942;182;36
f1-41;0.02;935;59;34
f1-42;0.03;934;71;34
f1-43;0.04;931;126;35
f1-44;0.02;1012;193;39
f1-45;0.03;1002;184;39
f1-46;0.02;946;230;88
f1-47;0.03;1042;77;40
f1-48;0.04;1057;65;40
f1-49;0.02;1057;133;41
f1-50;0.03;1060;131;41
f1-51;0.03;1101;190;44
f1-52;0.04;1097;176;44
f1-53;0.03;1195;134;46
f1-54;0.04;1182;141;46
f1-55;0.04;1096;240;96
f1-56;0.02;63;412;102
f1-57;0.03;59;431;102
f1-58;0.02;254;351;58
f1-59;0.02;250;351;58
f1-60;0.04;210;245;54
f1-61;0.03;201;244;54
f1-62;0.03;258;229;56
f1-63;0.04;252;244;56
f1-64;0.03;265;312;57
f1-65;0.02;328;363;61
f1-66;0.04;329;356;61
f1-67;0.02;256;409;110
f1-68;0.03;383;231;62
f1-69;0.03;389;368;64
f1-70;0.03;373;291;63
f1-71;0.04;462;293;66
f1-72;0.02;461;351;67
f1-73;0.04;574;365;72
f1-74;0.03;579;369;72
f1-75;0.03;478;415;118
f1-76;0.02;469;430;118
f1-77;0.02;523;240;68
f1-78;0.03;517;299;69
f1-79;0.02;566;225;70
f1-80;0.03;624;360;75
f1-81;0.02;639;369;75
f1-82;0.02;577;429;121
f1-83;0.03;582;426;121
f1-84;0.04;624;308;74
f1-85;0.02;691;359;78
f1-86;0.03;690;369;78
f1-87;0.04;686;298;77
f1-88;0.02;788;246;79
f1-89;0.02;787;300;80
f1-90;0.04;778;306;80
f1-91;0.02;780;366;81
f1-92;0.04;834;306;83
f1-93;0.03;845;298;83
f1-94;0.04;893;239;85
f1-95;0.02;885;302;86
f1-96;0.02;891;300;86
f1-97;0.03;893;358;87
f1-98;0.03;893;350;87
f1-99;0.04;837;430;131
f1-100;0.04;929;304;89
f1-101;0.03;992;351;93
f1-102;0.02;945;413;136
f1-103;0.02;1045;235;94
f1-104;0.02;1093;368;98
f1-105;0.03;1102;364;98
f1-106;0.02;1006;418;139
f1-107;0.02;1101;290;97
f1-108;0.04;1182;243;99
f1-109;0.03;1100;426;144
f1-110;0.04;1100;426;144
f1-111;0.04;61;478;103
f1-112;0.02;149;485;106
f1-113;0.04;162;476;106
f1-114;0.03;67;541;104
f1-115;0.04;148;577;152
f1-116;0.04;150;585;152
f1-117;0.02;316;488;114
f1-118;0.04;318;490;114
f1-119;0.03;314;544;115
f1-120;0.02;262;591;156
f1-121;0.02;250;587;156
f1-122;0.04;381;545;117
f1-123;0.02;464;526;120
f1-124;0.02;475;491;119
f1-125;0.03;465;485;119
f1-126;0.03;569;486;122
f1-127;0.02;574;534;123
f1-128;0.03;570;544;123
f1-129;0.03;468;583;162
f1-130;0.03;459;595;162
f1-131;0.04;622;474;125
f1-132;0.04;630;477;125
f1-133;0.02;639;526;126
f1-134;0.02;630;547;126
f1-135;0.02;627;587;168
f1-136;0.04;630;595;168
f1-137;0.02;691;497;128
f1-138;0.03;684;487;128
f1-139;0.03;771;582;172
f1-140;0.04;897;532;135
f1-141;0.02;929;474;137
f1-142;0.03;943;484;137
f1-143;0.02;1012;489;140
f1-144;0.02;929;596;178
f1-145;0.04;940;580;178
f1-146;0.03;1045;475;143
f1-147;0.03;1108;532;146
f1-148;0.02;998;578;180
f1-149;0.04;1095;493;145
f1-150;0.02;1182;481;148
f1-151;0.02;1113;575;184
f1-152;0.04;1103;596;184
f1-153;0.04;1195;585;186
f1-154;0.04;64;646;151
f1-155;0.04;82;647;151
f1-156;0.03;201;590;154
f1-157;0.03;209;578;154
f1-158;0.04;204;659;155
f1-159;0.04;206;662;155
f1-160;0.02;319;639;159
f1-161;0.02;386;574;160
f1-162;0.04;392;596;160
f1-163;0.02;377;657;161
f1-164;0.03;459;660;163
f1-165;0.03;471;660;163
f1-166;0.04;523;591;164
f1-167;0.02;527;575;164
f1-168;0.02;512;642;165
f1-169;0.02;580;654;167
f1-170;0.04;680;579;170
f1-171;0.03;696;654;171
f1-172;0.03;696;640;171
f1-173;0.03;783;639;173
f1-174;0.04;838;659;175
f1-175;0.04;884;574;176
f1-176;0.04;897;596;176
f1-177;0.03;893;661;177
f1-178;0.02;1042;587;182
f1-179;0.03;1041;589;182
f1-180;0.02;1053;645;183
f1-181;0.03;1193;662;187
f1-182;0.03;1105;234;96
f1-183;0.03;690;137;27
f1-184;0.04;315;177;14
f1-185;0.04;699;483;128
f1-186;0.03;1106;532;146
f1-187;0.02;1053;235;94
f1-188;0.04;775;536;130
f1-189;0.03;878;653;177
f1-190;0.03;272;640;157
f1-191;0.03;771;639;173
f1-192;0.02;619;370;75
f1-193;0.02;836;298;83
f1-194;0.02;637;193;25
f1-195;0.04;883;525;135
f1-196;0.03;837;648;175
f1-197;0.02;156;236;51
f1-198;0.04;267;289;57
f1-199;0.02;952;178;36
f1-200;0.03;782;350;81
f1-201;0.02;264;359;58
f1-202;0.04;697;645;171
f1-203;0.02;165;577;152
f1-204;0.03;221;132;8
f1-205;0.04;574;75;20
f1-206;0.02;828;413;131
f1-207;0.02;932;432;136
f1-208;0.03;476;415;118
f1-209;0.03;264;584;156
f1-210;0.04;384;582;160
f1-211;0.02;831;584;174
f1-212;0.02;256;416;110
f1-213;0.02;470;289;66
f1-214;0.03;271;186;11
f1-215;0.02;66;311;49
f1-216;0.03;161;484;106
f1-217;0.03;319;356;61
f1-218;0.04;155;180;6
f1-219;0.02;846;413;131
f1-220;0.02;60;527;104
f1-221;0.02;375;661;161
f1-222;0.02;1103;417;144
f1-223;0.04;391;133;15
f1-224;0.03;1102;369;98
f1-225;0.02;65;197;3
f1-226;0.04;68;189;3
f1-227;0.04;1053;73;40
f1-228;0.03;1112;61;42
f1-229;0.04;1041;425;142
f1-230;0.04;1106;178;44
f1-231;0.04;524;587;164
f1-232;0.04;897;594;176
f1-233;0.04;780;656;173
f1-234;0.02;515;659;165
f1-235;0.02;385;227;62
f1-236;0.04;831;196;31
f1-237;0.04;696;62;26
f1-238;0.03;162;308;52
f1-239;0.04;527;593;164
f1-240;0.02;943;178;36
f1-241;0.04;1191;174;47
f1-242;0.04;158;81;4
f1-243;0.03;156;60;4
f1-244;0.02;1102;428;144
f1-245;0.02;879;296;86
f1-246;0.02;627;416;124
f1-247;0.03;369;531;117
f1-248;0.03;787;289;80
f1-249;0.04;310;581;158
f1-250;0.04;875;194;33
